0 0.13645833333333332 0.1394536213468869 0.12708333333333333 0.03875476493011436
0 0.6817708333333333 0.2679479034307497 0.11145833333333334 0.033989834815756036
0 0.3182291666666667 0.26985387547649303 0.10729166666666666 0.032719186785260486
0 0.13645833333333332 0.40724269377382466 0.10416666666666667 0.03176620076238882
0 0.49895833333333334 0.4037484116899619 0.11458333333333333 0.0349428208386277
0 0.31875 0.4710927573062262 0.15833333333333333 0.048284625158831
0 0.13333333333333333 0.5047649301143583 0.17291666666666666 0.05273189326556544
0 0.31666666666666665 0.7411054637865311 0.1375 0.04193138500635324
0 0.31927083333333334 0.8076556543837357 0.12604166666666666 0.03843710292249047
0 0.8630208333333333 0.803843710292249 0.14270833333333333 0.04351969504447268
0 0.68125 0.9421855146124524 0.12916666666666668 0.03939008894536213
0 0.31927083333333334 0.9382147395171537 0.15104166666666666 0.046060991105463786
0 0.8661458333333333 0.9410736975857688 0.13645833333333332 0.041613722998729355
