0 0.85595703125 0.07614868353123387 0.1337890625 0.07072792978833248
0 0.86474609375 0.2738771295818276 0.1455078125 0.07692307692307693
0 0.1123046875 0.27826535880227155 0.13671875 0.07227671657201859
0 0.59423828125 0.2774909654104285 0.1220703125 0.06453278265358803
0 0.36767578125 0.08905524006195147 0.1494140625 0.07898812596799173
0 0.6376953125 0.08982963345379452 0.15234375 0.08053691275167785
0 0.3798828125 0.2916881775942179 0.138671875 0.073309241094476
0 0.3837890625 0.47547754259163655 0.1484375 0.07847186370676304
0 0.83935546875 0.4752194114610222 0.1240234375 0.06556530717604543
0 0.62353515625 0.48244708311822404 0.1455078125 0.07692307692307693
0 0.09228515625 0.49380485286525555 0.1259765625 0.06659783169850284
0 0.634765625 0.675271037687145 0.158203125 0.08363448631905007
0 0.3603515625 0.6757872999483737 0.146484375 0.07743933918430562
0 0.8701171875 0.6763035622096025 0.142578125 0.07537429013939081
0 0.1298828125 0.6840474961280331 0.140625 0.0743417656169334
0 0.12353515625 0.8779039752194114 0.1357421875 0.07176045431078988
0 0.8212890625 0.8828084667010841 0.134765625 0.07124419204956117
0 0.37548828125 0.889261744966443 0.1357421875 0.07176045431078988
0 0.6044921875 0.8884873515745999 0.123046875 0.06504904491481672
