0 0.5909090909090909 0.3254310344827586 0.05757575757575758 0.040948275862068964
0 0.906060606060606 0.3297413793103448 0.06363636363636363 0.04525862068965517
0 0.7037878787878787 0.3324353448275862 0.06818181818181818 0.04849137931034483
0 0.6818181818181818 0.21875 0.05454545454545454 0.03879310344827586
0 0.20075757575757575 0.22036637931034483 0.06212121212121212 0.04418103448275862
0 0.30606060606060603 0.3275862068965517 0.06363636363636363 0.04525862068965517
0 0.20075757575757575 0.33351293103448276 0.06515151515151515 0.04633620689655173
0 0.8045454545454546 0.33512931034482757 0.0696969696969697 0.04956896551724138
0 0.5901515151515152 0.22036637931034483 0.07121212121212121 0.05064655172413793
0 0.8068181818181818 0.2192887931034483 0.06515151515151515 0.04633620689655173
0 0.07348484848484849 0.2182112068965517 0.05606060606060606 0.03987068965517242
0 0.09696969696969697 0.3415948275862069 0.07575757575757576 0.05387931034482758
0 0.40454545454545454 0.2209051724137931 0.0696969696969697 0.04956896551724138
0 0.3015151515151515 0.22629310344827586 0.07575757575757576 0.05387931034482758
0 0.8886363636363637 0.22036637931034483 0.06515151515151515 0.04633620689655173
0 0.20303030303030303 0.4396551724137931 0.06363636363636363 0.04525862068965517
0 0.1053030303030303 0.44342672413793105 0.06818181818181818 0.04849137931034483
0 0.6053030303030303 0.44558189655172414 0.06515151515151515 0.04633620689655173
0 0.9098484848484848 0.4552801724137931 0.0803030303030303 0.057112068965517244
0 0.2962121212121212 0.4509698275862069 0.07727272727272727 0.05495689655172414
0 0.4113636363636364 0.4552801724137931 0.07727272727272727 0.05495689655172414
0 0.7916666666666666 0.44665948275862066 0.07121212121212121 0.05064655172413793
0 0.09545454545454546 0.677801724137931 0.048484848484848485 0.034482758620689655
0 0.6924242424242424 0.6788793103448276 0.06060606060606061 0.04310344827586207
0 0.30606060606060603 0.6885775862068966 0.0696969696969697 0.04956896551724138
0 0.5977272727272728 0.6858836206896551 0.06818181818181818 0.04849137931034483
0 0.1053030303030303 0.7882543103448276 0.05303030303030303 0.03771551724137931
0 0.6984848484848485 0.7941810344827587 0.06060606060606061 0.04310344827586207
0 0.20227272727272727 0.6869612068965517 0.07424242424242425 0.052801724137931036
0 0.9045454545454545 0.697198275862069 0.07878787878787878 0.05603448275862069
0 0.7954545454545454 0.709051724137931 0.09393939393939393 0.0668103448275862
0 0.3053030303030303 0.7979525862068966 0.06515151515151515 0.04633620689655173
0 0.19318181818181818 0.7947198275862069 0.06212121212121212 0.04418103448275862
0 0.8037878787878788 0.8108836206896551 0.07424242424242425 0.052801724137931036
0 0.4113636363636364 0.7990301724137931 0.07121212121212121 0.05064655172413793
0 0.9 0.8060344827586207 0.0696969696969697 0.04956896551724138
0 0.2143939393939394 0.9154094827586207 0.05909090909090909 0.04202586206896552
0 0.6856060606060606 0.9132543103448276 0.06818181818181818 0.04849137931034483
0 0.906060606060606 0.915948275862069 0.06363636363636363 0.04525862068965517
0 0.4083333333333333 0.9186422413793104 0.07727272727272727 0.05495689655172414
0 0.30606060606060603 0.9051724137931034 0.06363636363636363 0.04525862068965517
0 0.08257575757575758 0.9143318965517241 0.07121212121212121 0.05064655172413793
0 0.4106060606060606 0.6961206896551724 0.07878787878787878 0.05603448275862069
0 0.7984848484848485 0.9127155172413793 0.07272727272727272 0.05172413793103448
0 0.5931818181818181 0.806573275862069 0.06818181818181818 0.04849137931034483
0 0.5946969696969697 0.9229525862068966 0.08636363636363636 0.061422413793103446
