0 0.5449897750511248 0.48651452282157676 0.12474437627811862 0.12655601659751037
0 0.21779141104294478 0.12344398340248963 0.12883435582822086 0.13070539419087138
0 0.5470347648261759 0.12344398340248963 0.12474437627811862 0.12655601659751037
0 0.8824130879345603 0.12344398340248963 0.12883435582822086 0.13070539419087138
0 0.2167689161554192 0.3112033195020747 0.12678936605316973 0.12863070539419086
0 0.549079754601227 0.31224066390041494 0.14519427402862986 0.14730290456431536
0 0.8752556237218814 0.3070539419087137 0.130879345603272 0.13278008298755187
0 0.8752556237218814 0.487551867219917 0.12269938650306748 0.12448132780082988
0 0.2198364008179959 0.4948132780082988 0.12474437627811862 0.12655601659751037
0 0.21267893660531698 0.6721991701244814 0.12269938650306748 0.12448132780082988
0 0.5470347648261759 0.671161825726141 0.1329243353783231 0.13485477178423236
0 0.8813905930470347 0.6742738589211619 0.14314928425357873 0.14522821576763487
0 0.5460122699386503 0.8547717842323651 0.12678936605316973 0.12863070539419086
0 0.8803680981595092 0.8537344398340249 0.12474437627811862 0.12655601659751037
0 0.21881390593047034 0.8609958506224067 0.12678936605316973 0.12863070539419086
