0 0.1357234314980794 0.1390625 0.14596670934699105 0.04453125
0 0.8642765685019206 0.140625 0.13060179257362356 0.03984375
0 0.13636363636363635 0.3349609375 0.1267605633802817 0.038671875
0 0.8661971830985915 0.2373046875 0.17541613316261204 0.053515625
0 0.8617157490396927 0.205078125 0.1587708066581306 0.0484375
0 0.3181818181818182 0.1705078125 0.16517285531370038 0.050390625
0 0.5 0.4037109375 0.11651728553137004 0.035546875
0 0.3175416133162612 0.40546875 0.1357234314980794 0.04140625
0 0.1382842509603073 0.40703125 0.10243277848911651 0.03125
0 0.13636363636363635 0.4740234375 0.10115236875800256 0.030859375
0 0.31882202304737517 0.66953125 0.12291933418693982 0.0375
0 0.13252240717029448 0.5052734375 0.17285531370038412 0.052734375
0 0.8604353393085787 0.803515625 0.1382842509603073 0.0421875
0 0.6792573623559539 0.8044921875 0.13444302176696543 0.041015625
0 0.31882202304737517 0.80703125 0.117797695262484 0.0359375
0 0.4974391805377721 0.7048828125 0.16517285531370038 0.050390625
0 0.1382842509603073 0.807421875 0.12548015364916773 0.03828125
0 0.3181818181818182 0.9380859375 0.14980793854033292 0.045703125
0 0.6824583866837388 0.94140625 0.13316261203585147 0.040625
0 0.8655569782330346 0.940625 0.14084507042253522 0.04296875
