0 0.3104575163398693 0.06361066235864297 0.19389978213507625 0.03594507269789984
0 0.7472766884531591 0.06340872374798061 0.19172113289760348 0.035541195476575124
0 0.2429193899782135 0.28008885298869146 0.2113289760348584 0.03917609046849758
0 0.7592592592592593 0.28008885298869146 0.21568627450980393 0.03998384491114701
0 0.29193899782135074 0.47415185783521807 0.20915032679738563 0.03877221324717286
0 0.761437908496732 0.5733037156704361 0.23311546840958605 0.04321486268174475
0 0.23202614379084968 0.5741114701130856 0.24618736383442266 0.04563812600969305
0 0.7864923747276689 0.47576736672051695 0.21350762527233116 0.0395799676898223
0 0.8082788671023965 0.6619547657512116 0.17429193899782136 0.03231017770597738
0 0.2984749455337691 0.8659127625201939 0.3006535947712418 0.05573505654281099
0 0.2657952069716776 0.7689822294022617 0.23965141612200436 0.0444264943457189
0 0.7952069716775599 0.768578352180937 0.2440087145969499 0.045234248788368334
