0 0.13700384122919335 0.139453125 0.14596670934699105 0.04453125
0 0.8623559539052497 0.1404296875 0.13188220230473752 0.040234375
0 0.31498079385403327 0.1390625 0.14852752880921896 0.0453125
0 0.1350832266325224 0.3349609375 0.12419974391805377 0.037890625
0 0.8661971830985915 0.2373046875 0.17541613316261204 0.053515625
0 0.8623559539052497 0.2048828125 0.16261203585147246 0.049609375
0 0.6811779769526248 0.537890625 0.056338028169014086 0.0171875
0 0.5 0.4041015625 0.11907810499359796 0.036328125
0 0.3175416133162612 0.40546875 0.1357234314980794 0.04140625
0 0.1382842509603073 0.40703125 0.10243277848911651 0.03125
0 0.49551856594110116 0.570703125 0.15108834827144688 0.04609375
0 0.13636363636363635 0.4740234375 0.10115236875800256 0.030859375
0 0.3175416133162612 0.66953125 0.12548015364916773 0.03828125
0 0.13124199743918052 0.5056640625 0.1702944942381562 0.051953125
0 0.13956466069142126 0.704296875 0.1613316261203585 0.04921875
0 0.4974391805377721 0.7048828125 0.16517285531370038 0.050390625
0 0.8604353393085787 0.803515625 0.1382842509603073 0.0421875
0 0.6792573623559539 0.8044921875 0.13444302176696543 0.041015625
0 0.31882202304737517 0.80703125 0.117797695262484 0.0359375
0 0.13700384122919335 0.8078125 0.12291933418693982 0.0375
0 0.6811779769526248 0.94140625 0.13316261203585147 0.040625
0 0.3181818181818182 0.9380859375 0.14980793854033292 0.045703125
0 0.8655569782330346 0.940625 0.14084507042253522 0.04296875
