0 0.48280254777070064 0.10840108401084012 0.2089171974522293 0.1111111111111111
0 0.1859872611464968 0.11382113821138211 0.19872611464968154 0.10569105691056911
0 0.8229299363057325 0.11788617886178862 0.20636942675159237 0.10975609756097561
0 0.19872611464968154 0.35636856368563685 0.1910828025477707 0.1016260162601626
0 0.5210191082802548 0.3489159891598916 0.1554140127388535 0.08265582655826559
0 0.8878980891719745 0.3346883468834688 0.17579617834394903 0.09349593495934959
0 0.16178343949044585 0.5914634146341463 0.20127388535031848 0.1070460704607046
0 0.7821656050955414 0.5928184281842819 0.18343949044585986 0.0975609756097561
0 0.4732484076433121 0.6026422764227642 0.19490445859872613 0.10365853658536585
0 0.8229299363057325 0.801490514905149 0.14267515923566879 0.07588075880758807
0 0.14713375796178343 0.8316395663956639 0.1821656050955414 0.09688346883468835
0 0.48152866242038217 0.8360433604336044 0.17579617834394903 0.09349593495934959
