0 0.26834239130434784 0.4583608724388632 0.08559782608695653 0.041639127561136816
0 0.40217391304347827 0.4646397884996695 0.07065217391304347 0.034368803701255786
0 0.7751358695652174 0.46695307336417713 0.08016304347826086 0.038995373430270985
0 0.06453804347826086 0.47620621282220754 0.09103260869565218 0.044282881692002646
0 0.5896739130434783 0.4666226040978189 0.09239130434782608 0.0449438202247191
0 0.24456521739130435 0.5485789821546596 0.10326086956521739 0.05023132848645076
0 0.08763586956521739 0.5502313284864507 0.09646739130434782 0.046926635822868476
0 0.9252717391304348 0.5518836748182419 0.08967391304347826 0.043621943159286185
0 0.40625 0.5512227362855254 0.09782608695652174 0.04758757435558493
0 0.5720108695652174 0.541969596827495 0.09510869565217392 0.046265697290152015
0 0.7384510869565217 0.5561797752808989 0.11548913043478261 0.056179775280898875
