0 0.7127024722932651 0.20733333333333334 0.01875532821824382 0.014666666666666666
0 0.6794543904518329 0.07333333333333333 0.027280477408354646 0.021333333333333333
0 0.7127024722932651 0.228 0.02557544757033248 0.02
0 0.37254901960784315 0.20266666666666666 0.0392156862745098 0.030666666666666665
0 0.6564364876385337 0.16133333333333333 0.03410059676044331 0.02666666666666667
0 0.7088661551577152 0.2956666666666667 0.021312872975277068 0.016666666666666666
0 0.3734015345268542 0.246 0.0392156862745098 0.030666666666666665
0 0.5174765558397272 0.3586666666666667 0.02557544757033248 0.02
0 0.35208866155157714 0.35933333333333334 0.01875532821824382 0.014666666666666666
0 0.8205456095481671 0.3596666666666667 0.0196078431372549 0.015333333333333332
0 0.4381926683716965 0.39466666666666667 0.020460358056265986 0.016
0 0.46334185848252346 0.403 0.0196078431372549 0.015333333333333332
0 0.6308610400682012 0.4033333333333333 0.020460358056265986 0.016
0 0.49104859335038364 0.44666666666666666 0.020460358056265986 0.016
0 0.6867007672634271 0.4483333333333333 0.021312872975277068 0.016666666666666666
0 0.7898550724637681 0.37766666666666665 0.028132992327365727 0.022
0 0.6014492753623188 0.4683333333333333 0.0196078431372549 0.015333333333333332
0 0.41091219096334186 0.4706666666666667 0.020460358056265986 0.016
0 0.5733162830349531 0.4003333333333333 0.03665814151747655 0.028666666666666667
0 0.4279624893435635 0.37666666666666665 0.04092071611253197 0.032
0 0.7740835464620631 0.5153333333333333 0.02216538789428815 0.017333333333333333
0 0.6504688832054561 0.53 0.023870417732310314 0.018666666666666668
0 0.4062233589087809 0.509 0.03665814151747655 0.028666666666666667
0 0.6231884057971014 0.5733333333333334 0.02557544757033248 0.02
0 0.546462063086104 0.5766666666666667 0.01875532821824382 0.014666666666666666
0 0.7131287297527706 0.577 0.0196078431372549 0.015333333333333332
0 0.9505541346973572 0.5793333333333334 0.020460358056265986 0.016
0 0.56692242114237 0.638 0.023870417732310314 0.018666666666666668
0 0.6278772378516624 0.5576666666666666 0.03495311167945439 0.027333333333333334
0 0.829923273657289 0.5683333333333334 0.026427962489343565 0.020666666666666667
0 0.29454390451832907 0.6196666666666667 0.0247229326513214 0.019333333333333334
0 0.0907928388746803 0.6936666666666667 0.021312872975277068 0.016666666666666666
0 0.4279624893435635 0.704 0.02557544757033248 0.02
0 0.572463768115942 0.6016666666666667 0.03495311167945439 0.027333333333333334
0 0.4884910485933504 0.5926666666666667 0.04092071611253197 0.032
0 0.5673486786018755 0.6156666666666667 0.03836317135549872 0.03
0 0.4279624893435635 0.638 0.03751065643648764 0.029333333333333333
0 0.46035805626598464 0.6886666666666666 0.03410059676044331 0.02666666666666667
0 0.34271099744245526 0.6973333333333334 0.0392156862745098 0.030666666666666665
0 0.2877237851662404 0.7336666666666667 0.03154305200341006 0.024666666666666667
0 0.3213981244671782 0.6146666666666667 0.042625745950554135 0.03333333333333333
0 0.484228473998295 0.7473333333333333 0.023870417732310314 0.018666666666666668
0 0.22762148337595908 0.652 0.0494458653026428 0.03866666666666667
0 0.4062233589087809 0.7323333333333333 0.03495311167945439 0.027333333333333334
0 0.887468030690537 0.6666666666666666 0.04603580562659847 0.036
0 0.236999147485081 0.744 0.02557544757033248 0.02
0 0.4560954816709292 0.7906666666666666 0.023870417732310314 0.018666666666666668
0 0.5093776641091219 0.7843333333333333 0.03836317135549872 0.03
0 0.5153452685421995 0.723 0.041773231031543054 0.03266666666666666
0 0.73231031543052 0.7853333333333333 0.0392156862745098 0.030666666666666665
0 0.38277919863597615 0.7833333333333333 0.04092071611253197 0.032
0 0.11466325660699062 0.8176666666666667 0.017902813299232736 0.014
0 0.40068201193520886 0.7466666666666667 0.04092071611253197 0.032
0 0.6210571184995738 0.8283333333333334 0.040068201193520885 0.03133333333333333
0 0.5652173913043478 0.736 0.0494458653026428 0.03866666666666667
0 0.7787723785166241 0.8696666666666667 0.03324808184143223 0.026
0 0.5366581415174766 0.9176666666666666 0.03495311167945439 0.027333333333333334
0 0.32225063938618925 0.956 0.03751065643648764 0.029333333333333333
0 0.31841432225063937 0.8496666666666667 0.06905370843989769 0.054
0 0.21739130434782608 0.9506666666666667 0.0494458653026428 0.03866666666666667
