0 0.8710344827586207 0.1483666061705989 0.10344827586206896 0.06805807622504537
0 0.3213793103448276 0.14972776769509982 0.10482758620689656 0.06896551724137931
0 0.5055172413793103 0.15108892921960074 0.10344827586206896 0.06805807622504537
0 0.13517241379310344 0.14609800362976408 0.10206896551724139 0.06715063520871144
0 0.6841379310344827 0.14882032667876588 0.0993103448275862 0.06533575317604355
0 0.6262068965517241 0.2985480943738657 0.06620689655172414 0.043557168784029036
0 0.32689655172413795 0.294010889292196 0.09655172413793103 0.06352087114337568
0 0.5103448275862069 0.29310344827586204 0.10206896551724139 0.06715063520871144
0 0.6875862068965517 0.29355716878402904 0.09793103448275862 0.06442831215970962
0 0.1393103448275862 0.29310344827586204 0.10206896551724139 0.06715063520871144
0 0.8717241379310345 0.29219600725952816 0.10758620689655173 0.07078039927404718
0 0.8703448275862069 0.4364791288566243 0.09379310344827586 0.06170598911070781
0 0.13448275862068965 0.43148820326678766 0.09517241379310344 0.06261343012704174
0 0.32275862068965516 0.4337568058076225 0.10482758620689656 0.06896551724137931
0 0.6834482758620689 0.4360254083484574 0.1006896551724138 0.0662431941923775
0 0.5055172413793103 0.43511796733212343 0.1006896551724138 0.0662431941923775
0 0.43724137931034485 0.5689655172413793 0.06344827586206897 0.041742286751361164
0 0.13379310344827586 0.5780399274047187 0.10482758620689656 0.06896551724137931
0 0.3220689655172414 0.5757713248638838 0.09793103448275862 0.06442831215970962
0 0.506896551724138 0.5757713248638838 0.1006896551724138 0.0662431941923775
0 0.13448275862068965 0.72005444646098 0.09793103448275862 0.06442831215970962
0 0.32275862068965516 0.720508166969147 0.10482758620689656 0.06896551724137931
0 0.5055172413793103 0.72005444646098 0.1006896551724138 0.0662431941923775
0 0.6841379310344827 0.7196007259528131 0.0993103448275862 0.06533575317604355
0 0.8710344827586207 0.719147005444646 0.09793103448275862 0.06442831215970962
0 0.6841379310344827 0.5753176043557169 0.0993103448275862 0.06533575317604355
0 0.8710344827586207 0.5748638838475499 0.10344827586206896 0.06805807622504537
