0 0.8785357737104825 0.24049429657794677 0.11314475873544093 0.06463878326996197
0 0.08485856905158069 0.08555133079847908 0.11314475873544093 0.06463878326996197
0 0.8527454242928453 0.08222433460076045 0.1048252911813644 0.05988593155893536
0 0.6264559068219634 0.2438212927756654 0.11813643926788686 0.06749049429657794
0 0.31697171381031614 0.2571292775665399 0.13477537437603992 0.07699619771863118
0 0.07903494176372712 0.24857414448669202 0.14143094841930118 0.08079847908745247
0 0.6164725457570716 0.09838403041825095 0.17803660565723795 0.10171102661596958
0 0.3277870216306156 0.41539923954372626 0.10316139767054909 0.058935361216730035
0 0.8752079866888519 0.4096958174904943 0.13311148086522462 0.07604562737642585
0 0.08485856905158069 0.4096958174904943 0.11647254575707154 0.06653992395437262
0 0.6239600665557404 0.4096958174904943 0.1464226289517471 0.08365019011406843
0 0.09650582362728785 0.33935361216730037 0.15640599001663893 0.08935361216730038
0 0.867720465890183 0.5793726235741445 0.1314475873544093 0.07509505703422054
0 0.08319467554076539 0.5731939163498099 0.11980033277870217 0.06844106463878327
0 0.3860232945091514 0.5884030418250951 0.129783693843594 0.0741444866920152
0 0.6181364392678869 0.5803231939163498 0.13810316139767054 0.07889733840304182
0 0.3519134775374376 0.7428707224334601 0.13477537437603992 0.07699619771863118
0 0.6131447587354409 0.7419201520912547 0.12479201331114809 0.07129277566539924
0 0.870216306156406 0.7490494296577946 0.1930116472545757 0.11026615969581749
0 0.6023294509151415 0.9192015209125475 0.15307820299500832 0.08745247148288973
0 0.36189683860232946 0.9130228136882129 0.11813643926788686 0.06749049429657794
