0 0.8639344262295082 0.1405 0.14098360655737704 0.043
0 0.3180327868852459 0.671 0.1377049180327869 0.042
0 0.3163934426229508 0.8075 0.13442622950819672 0.041
0 0.13442622950819672 0.14 0.15081967213114755 0.046
0 0.3180327868852459 0.14 0.15081967213114755 0.046
0 0.1360655737704918 0.3355 0.13442622950819672 0.041
0 0.49508196721311476 0.57 0.17049180327868851 0.052
0 0.8622950819672132 0.203 0.15081967213114755 0.046
0 0.3163934426229508 0.4055 0.14098360655737704 0.043
0 0.12786885245901639 0.505 0.16393442622950818 0.05
0 0.6819672131147541 0.805 0.1377049180327869 0.042
0 0.860655737704918 0.8035 0.14754098360655737 0.045
0 0.1360655737704918 0.8085 0.14754098360655737 0.045
0 0.13442622950819672 0.105 0.16393442622950818 0.05
0 0.8672131147540983 0.2385 0.1737704918032787 0.053
0 0.3163934426229508 0.1705 0.16721311475409836 0.051
0 0.8622950819672132 0.638 0.16393442622950818 0.05
0 0.1377049180327869 0.705 0.17049180327868851 0.052
0 0.6754098360655738 0.304 0.17049180327868851 0.052
0 0.31475409836065577 0.741 0.15081967213114755 0.046
0 0.8688524590163934 0.707 0.19672131147540983 0.06
0 0.319672131147541 0.9385 0.1540983606557377 0.047
0 0.8622950819672132 0.941 0.14426229508196722 0.044
0 0.6819672131147541 0.942 0.14426229508196722 0.044
