0 0.065625 0.10445468509984639 0.0625 0.09216589861751152
0 0.4401041666666667 0.10061443932411675 0.06354166666666666 0.09370199692780339
0 0.6895833333333333 0.10138248847926268 0.06041666666666667 0.0890937019969278
0 0.8135416666666667 0.09984639016897082 0.06041666666666667 0.0890937019969278
0 0.9369791666666667 0.09907834101382489 0.06145833333333333 0.09062980030721966
0 0.19166666666666668 0.09831029185867896 0.06041666666666667 0.0890937019969278
0 0.5640625 0.10061443932411675 0.06354166666666666 0.09370199692780339
0 0.3151041666666667 0.09907834101382489 0.06145833333333333 0.09062980030721966
0 0.5651041666666666 0.35253456221198154 0.06354166666666666 0.09370199692780339
0 0.3151041666666667 0.34946236559139787 0.059375 0.08755760368663594
0 0.190625 0.35023041474654376 0.06041666666666667 0.0890937019969278
0 0.06614583333333333 0.3602150537634409 0.06354166666666666 0.09370199692780339
0 0.4395833333333333 0.35176651305683565 0.06458333333333334 0.09523809523809523
0 0.6895833333333333 0.35176651305683565 0.0625 0.09216589861751152
0 0.9380208333333333 0.3509984639016897 0.065625 0.0967741935483871
0 0.8140625 0.3509984639016897 0.06354166666666666 0.09370199692780339
0 0.5645833333333333 0.6006144393241167 0.06041666666666667 0.0890937019969278
0 0.06614583333333333 0.6182795698924731 0.06145833333333333 0.09062980030721966
0 0.8130208333333333 0.5998463901689708 0.057291666666666664 0.08448540706605223
0 0.19114583333333332 0.6013824884792627 0.059375 0.08755760368663594
0 0.4395833333333333 0.6021505376344086 0.058333333333333334 0.08602150537634409
0 0.6885416666666667 0.6006144393241167 0.058333333333333334 0.08602150537634409
0 0.9364583333333333 0.6006144393241167 0.058333333333333334 0.08602150537634409
0 0.3145833333333333 0.6021505376344086 0.058333333333333334 0.08602150537634409
0 0.4401041666666667 0.8517665130568356 0.06145833333333333 0.09062980030721966
0 0.065625 0.8509984639016898 0.058333333333333334 0.08602150537634409
0 0.19114583333333332 0.8517665130568356 0.059375 0.08755760368663594
0 0.3151041666666667 0.8517665130568356 0.057291666666666664 0.08448540706605223
0 0.5640625 0.8533026113671275 0.059375 0.08755760368663594
0 0.6895833333333333 0.8525345622119815 0.06041666666666667 0.0890937019969278
0 0.8135416666666667 0.8525345622119815 0.058333333333333334 0.08602150537634409
0 0.9364583333333333 0.8525345622119815 0.06041666666666667 0.0890937019969278
