0 0.30980392156862746 0.126875 0.0457516339869281 0.04375
0 0.7973856209150327 0.0375 0.04967320261437908 0.0475
0 0.6777777777777778 0.2775 0.02875816993464052 0.0275
0 0.5594771241830065 0.295625 0.0457516339869281 0.04375
0 0.2218954248366013 0.3140625 0.046405228758169936 0.044375
0 0.2973856209150327 0.493125 0.054901960784313725 0.0525
0 0.9013071895424837 0.3775 0.047058823529411764 0.045
0 0.818954248366013 0.575625 0.04967320261437908 0.0475
0 0.3045751633986928 0.66625 0.048366013071895426 0.04625
0 0.6957516339869281 0.8409375 0.03071895424836601 0.029375
0 0.569281045751634 0.858125 0.04967320261437908 0.0475
0 0.9084967320261438 0.768125 0.05620915032679739 0.05375
0 0.21013071895424837 0.8721875 0.05032679738562092 0.048125
0 0.934640522875817 0.956875 0.05359477124183006 0.05125
