0 0.6712898751733704 0.3624887285843102 0.12482662968099861 0.0811541929666366
0 0.6414701803051318 0.10054102795311091 0.10957004160887657 0.07123534715960325
0 0.3474341192787795 0.36564472497745715 0.14285714285714285 0.09287646528403967
0 0.30998613037447986 0.23850315599639316 0.1317614424410541 0.08566275924256087
0 0.6754507628294036 0.23534715960324618 0.14701803051317613 0.09558160504959423
0 0.4930651872399445 0.23760144274120829 0.1539528432732316 0.10009017132551848
0 0.1608876560332871 0.10459873760144274 0.14424410540915394 0.09377817853922453
0 0.3079056865464632 0.10640216411181244 0.14701803051317613 0.09558160504959423
0 0.8141470180305131 0.23174030658250677 0.13592233009708737 0.08836789900811542
0 0.5006934812760055 0.5049594229035167 0.14147018030513175 0.09197475202885483
0 0.6255201109570042 0.49413886384129846 0.09986130374479889 0.06492335437330929
0 0.8737864077669902 0.4860234445446348 0.11927877947295423 0.0775473399458972
0 0.13661581137309292 0.49729486023444547 0.1539528432732316 0.10009017132551848
0 0.3564493758668516 0.4950405770964833 0.1553398058252427 0.10099188458070334
0 0.8592233009708737 0.71190261496844 0.15117891816920942 0.09828674481514878
0 0.5450762829403606 0.7565374211000901 0.12205270457697642 0.0793507664562669
0 0.8259361997226075 0.760595130748422 0.17059639389736478 0.1109107303877367
