0 0.3470464135021097 0.41139240506329117 0.20042194092827004 0.13361462728551335
0 0.5843881856540084 0.4120956399437412 0.20675105485232068 0.13783403656821377
0 0.8470464135021097 0.41561181434599154 0.20042194092827004 0.13361462728551335
0 0.1571729957805907 0.41279887482419125 0.21308016877637131 0.1420534458509142
0 0.6550632911392406 0.5843881856540084 0.1371308016877637 0.09142053445850915
0 0.8238396624472574 0.6195499296765119 0.1877637130801688 0.12517580872011252
0 0.15822784810126583 0.6286919831223629 0.17721518987341772 0.11814345991561181
0 0.3829113924050633 0.6279887482419128 0.18354430379746836 0.12236286919831224
0 0.6118143459915611 0.6272855133614628 0.17721518987341772 0.11814345991561181
0 0.37658227848101267 0.8263009845288326 0.16666666666666666 0.1111111111111111
0 0.1339662447257384 0.8150492264416315 0.1877637130801688 0.12517580872011252
0 0.8154008438818565 0.8178621659634318 0.19198312236286919 0.1279887482419128
0 0.5748945147679325 0.8220815752461322 0.16666666666666666 0.1111111111111111
