0 0.17507002801120447 0.06875 0.17647058823529413 0.0875
0 0.40336134453781514 0.06666666666666667 0.1792717086834734 0.08888888888888889
0 0.6358543417366946 0.06805555555555555 0.19047619047619047 0.09444444444444444
0 0.4103641456582633 0.5715277777777777 0.19887955182072828 0.09861111111111111
0 0.8641456582633054 0.06597222222222222 0.18207282913165265 0.09027777777777778
0 0.18347338935574228 0.4076388888888889 0.18207282913165265 0.09027777777777778
0 0.4117647058823529 0.4041666666666667 0.20168067226890757 0.1
0 0.1876750700280112 0.7416666666666667 0.20168067226890757 0.1
0 0.4173669467787115 0.7402777777777778 0.19607843137254902 0.09722222222222222
0 0.17647058823529413 0.2361111111111111 0.19047619047619047 0.09444444444444444
0 0.4061624649859944 0.23472222222222222 0.19047619047619047 0.09444444444444444
0 0.6400560224089635 0.23402777777777778 0.19327731092436976 0.09583333333333334
0 0.6442577030812325 0.7402777777777778 0.20728291316526612 0.10277777777777777
0 0.6442577030812325 0.5708333333333333 0.19047619047619047 0.09444444444444444
0 0.6386554621848739 0.4041666666666667 0.20168067226890757 0.1
0 0.8725490196078431 0.5701388888888889 0.19327731092436976 0.09583333333333334
0 0.18627450980392157 0.5715277777777777 0.19327731092436976 0.09583333333333334
0 0.18907563025210083 0.9090277777777778 0.1876750700280112 0.09305555555555556
0 0.8823529411764706 0.9097222222222222 0.1792717086834734 0.08888888888888889
0 0.4173669467787115 0.9097222222222222 0.20168067226890757 0.1
